true
8
32.0 32.0
160.0 32.0
160.0 416.0
544.0 416.0
544.0 288.0
928.0 288.0
928.0 672.0
1248.0 672.0
65 10 60000
0
15
333.34255452363726 567.9944672858184 4 1280.0 0.0
305.73683029747747 183.4420981784865 10 1280.0 768.0
332.6131299883127 384.0 10 1280.0 384.0
261.3935215875591 156.83611295253556 10 1280.0 768.0
240.34126421518258 144.20475852910957 10 1280.0 768.0
221.49317525549216 635.1040948467053 10 1280.0 0.0
203.1624460839166 646.1025323496511 10 1280.0 0.0
184.2878434566979 110.57270607401873 10 1280.0 768.0
166.04338664445496 668.3739680133269 10 1280.0 0.0
148.11272938395516 88.86763763037305 4 1280.0 768.0
147.04800000414252 384.0 10 1280.0 384.0
122.19923000782728 384.0 10 1280.0 384.0
84.30477713995414 50.58286628397247 10 1280.0 768.0
61.17574907663474 36.70544944598084 10 1280.0 768.0
37.16830526381364 745.6990168417118 10 1280.0 0.0
5
0 288.0 544.0 1 249.33798472241324 0.0 2 5
0 672.0 480.0 1 164.01719391847482 4.307522000744939 2 0
0 864.0 160.0 1 18.181069996207952 0.0 0
0 480.0 160.0 1 193.5258904142796 2.7100179996341467 2 9
0 416.0 32.0 1 166.8523656666825 2.779202999547124 2 9
5
161.73912499928744 89.05645801906518 1 40.0 3 2 9
419.11281248290385 549.388010001959 1 40.0 1 2 0
359.39130945831613 133.0016126154086 1 40.0 3 2 9
297.1651920701161 53.686334588994704 1 40.0 4 2 9
614.4009361229088 495.67600505818194 1 40.0 1 2 0

10
5 0 0 0 0 0
6 0 0 0 1 0 0
5 0 0 0 1 1
6 0 0 0 1 2 0
8 0 0 0 0 0 1 1 2
9 0 0 0 1 0 0 1 0 0
10 0 0 1 0 0 0 1 2 0 0
8 0 0 1 1 2 1 1 0
9 0 1 1 2 2 1 0 1 0
2 1 3

4 8
10 7
13 2
7 2
6 0
Add reward:1
Add reward:1
Add reward:1
Add reward:1
Add reward:1
Add reward:1
Add reward:1
Add reward:1
Add reward:1
Add reward:1
Add reward:1
Add reward:1
Add reward:1
Add reward:1
Add reward:1
